¾ÆÀÌµð 1 : (1, 3)				´ñ±Û 1 : (7, 11), /8, 11/
¾ÆÀÌµð 2 : (3, 3), (3, 2)			´ñ±Û 2 : (10, 11), (8, 11), (9, 11)
¾ÆÀÌµð 3 : (5, 2), (5, 3)			´ñ±Û 3 : (13, 11), (12, 11), (9, 11)

ÆÈ·ÎÀ× 1 : (7, 3), (8, 3)			°ø°¨ 1 : (8, 2), (9, 2), (10, 2), (11, 2)
ÆÈ·ÎÀ× 2 : (10, 3), (8, 3), (9, 3)		°ø°¨ 2 : (11, 2), (10, 2), (12, 2),
ÆÈ·ÎÀ× 3 : (13, 3), (12, 3), (9, 3)		°ø°¨ 3 : (14, 2), (13, 15), (12, 15), (12, 2), (13, 2)

¾ðÆÈ·ÎÀ× 1 : (7, 7), (8, 7)
¾ðÆÈ·ÎÀ× 2 : (10, 7), (8, 7), (9, 7)
¾ðÆÈ·ÎÀ× 3 : (13, 7), (12, 7), (9, 7)

